1615310624900282000 140 
1615310624901497000 59 
1615310626906933000 186 
1615310626908626000 55 
1615310628921140000 135 
1615310628922823000 258 
1615310630038879000 6496 
1615310630062232000 7686 
1615310630088278000 7389 
1615310630115675000 5825 
1615310630134111000 4282 
1615310630149755000 6025 
1615310630189411000 6003 
1615310630204547000 6854 
1615310630219887000 5030 
1615310630233939000 5842 
1615310630247757000 4670 
1615310630262187000 5477 
1615310630272987000 5072 
1615310630283648000 4091 
1615310630296076000 4228 
1615310630305971000 4552 
1615310630315822000 3764 
1615310630326947000 4301 
1615310630338779000 5285 
1615310630348293000 3593 
1615310630358252000 3995 
1615310630369116000 4267 
1615310630378584000 3517 
1615310630387722000 4104 
1615310630397357000 3273 
1615310630406442000 4365 
1615310630419116000 5608 
1615310630430865000 4032 
1615310630441717000 4593 
1615310630450877000 3243 
1615310630459170000 3300 
1615310630467383000 3181 
1615310630475797000 3620 
1615310630483933000 3676 
1615310630494909000 3954 
1615310630502853000 3553 
1615310630511894000 3577 
1615310630521691000 4545 
1615310630532288000 3392 
1615310630540858000 3894 
1615310630548888000 3587 
1615310630556580000 3651 
1615310630565137000 3340 
1615310630572912000 3561 
1615310630580741000 3177 
1615310630588035000 3305 
1615310630598500000 3116 
1615310630606377000 3648 
1615310630614604000 3276 
1615310630626403000 3825 
1615310630635387000 3684 
1615310630645130000 3732 
1615310630655302000 4290 
1615310630664312000 3555 
1615310630672881000 3817 
1615310630681832000 3674 
1615310630690810000 3988 
1615310630699235000 3406 
1615310630708445000 3978 
1615310630718210000 3640 
1615310630728894000 4799 
1615310630737560000 4228 
1615310630746757000 4011 
1615310630756018000 4406 
1615310630765782000 3540 
1615310630775169000 3961 
1615310630786192000 3978 
1615310630796800000 3842 
1615310630806541000 4908 
1615310630816823000 3841 
1615310630832467000 4784 
1615310630845597000 5682 
1615310630857739000 5134 
1615310630867537000 3772 
1615310630879793000 4128 
1615310630889377000 4436 
1615310630900263000 3762 
1615310630912076000 4554 
1615310630922937000 4931 
1615310630937000000 4519 
1615310630947053000 4621 
1615310630957833000 4467 
1615310630968124000 4079 
1615310630980075000 4564 
1615310630989133000 4164 
1615310630999711000 3584 
1615310631009210000 3916 
1615310631019116000 4638 
1615310631028850000 4254 
1615310631037143000 3788 
1615310631045834000 3718 
1615310631053782000 3780 
1615310631063478000 3431 
1615310631071513000 3691 
1615310631079840000 3400 
1615310631088035000 3626 
1615310631096480000 3533 
1615310631104518000 4113 
1615310631113877000 3565 
1615310631125716000 4060 
1615310631135314000 3794 
1615310631144759000 3824 
1615310631153334000 4260 
1615310631162673000 3989 
1615310631170954000 3934 
1615310631179986000 3598 
1615310631189254000 4439 
1615310631197003000 3148 
1615310631204525000 3481 
1615310631212911000 3253 
1615310631221302000 3533 
1615310631229156000 3238 
1615310631239090000 3709 
1615310631246732000 2958 
1615310631253713000 3315 
1615310631261309000 3224 
1615310631268218000 3147 
1615310631276293000 3356 
1615310631283383000 2977 
1615310631291051000 3137 
1615310631298582000 2986 
1615310631307204000 3410 
1615310631315455000 3042 
1615310631323926000 3189 
1615310631331667000 2991 
1615310631341424000 3122 
1615310631348762000 3004 
1615310631356465000 3278 
1615310631365058000 2978 
1615310631372726000 3490 
1615310631380116000 2990 
1615310631387063000 3295 
1615310631394673000 3262 
1615310631401642000 3109 
1615310631409981000 3450 
1615310631418321000 3901 
1615310631425979000 3151 
1615310631433894000 3219 
1615310631441975000 3146 
1615310631450605000 2975 
1615310631459650000 3194 
1615310631466983000 3256 
1615310631474511000 3165 
1615310631482018000 3017 
1615310631489231000 3556 
1615310631496274000 2959 
1615310631503321000 3076 
1615310631511466000 3386 
1615310631518979000 3295 
1615310631527314000 3292 
1615310631534112000 3107 
1615310631541695000 3247 
1615310631550265000 3049 
1615310631557875000 3497 
1615310631565036000 3101 
1615310631572776000 3506 
1615310631580054000 3284 
1615310631586884000 3040 
1615310631594728000 3030 
1615310631601546000 3145 
1615310631610344000 3414 
1615310631618177000 3146 
1615310631627312000 3306 
1615310631634219000 3107 
1615310631642072000 3177 
1615310631650191000 3035 
1615310631658126000 3302 
1615310631665065000 2996 
1615310631672324000 3300 
1615310631680008000 3301 
1615310631686872000 3079 
1615310631694682000 3036 
1615310631701375000 2990 
1615310631709142000 3228 
1615310631716645000 3132 
1615310631725415000 3812 
1615310631732464000 2984 
1615310631740672000 3991 
1615310631750437000 3120 
1615310631761225000 3145 
1615310631769137000 3176 
1615310631776981000 3351 
1615310631784170000 3090 
1615310631792291000 3560 
1615310631799023000 3009 
1615310631806388000 3516 
1615310631814098000 3208 
1615310631822588000 3682 
1615310631831087000 3063 
1615310631838053000 3530 
1615310631845193000 2939 
1615310631853158000 3061 
1615310631863367000 5172 
1615310631880070000 4744 
1615310631897526000 3169 
1615310631907150000 4173 
1615310631915907000 3612 
1615310631925106000 3829 
1615310631933065000 3001 
1615310631942755000 5060 
1615310631958674000 4935 
1615310631968713000 4627 
1615310631978783000 4564 
1615310631988566000 4539 
1615310631998244000 4622 
1615310632007493000 4695 
1615310632016271000 3219 
1615310632030918000 4018 
1615310632039698000 3953 
1615310632047984000 2922 
1615310632055609000 3747 
1615310632062835000 2957 
1615310632069635000 3153 
1615310632077593000 3064 
1615310632084232000 2982 
1615310632091507000 3151 
1615310632099477000 2996 
1615310632106914000 3376 
1615310632114988000 3140 
1615310632123496000 3875 
1615310632131253000 3146 
1615310632138551000 3324 
1615310632146235000 2943 
1615310632153966000 3789 
1615310632161477000 3044 
1615310632168645000 2998 
1615310632176668000 3331 
1615310632183350000 2998 
1615310632190657000 3203 
1615310632197837000 3121 
1615310632207447000 3214 
1615310632214785000 3006 
1615310632222556000 3874 
1615310632230418000 3067 
1615310632237740000 3440 
1615310632245276000 3003 
1615310632251913000 3020 
1615310632259739000 3129 
1615310632266591000 3125 
1615310632273919000 3268 
1615310632281360000 3114 
1615310632288854000 3376 
1615310632295792000 2992 
1615310632302426000 3066 
1615310632310456000 3077 
1615310632317780000 3108 
1615310632326263000 3130 
1615310632333395000 3009 
1615310632340776000 3165 
1615310632347904000 2965 
1615310632354706000 3169 
1615310632362215000 2976 
1615310632369104000 3051 
1615310632376928000 3032 
1615310632383762000 3023 
1615310632392450000 3064 
1615310632399159000 2999 
1615310632406242000 3472 
1615310632413393000 2993 
1615310632421187000 3596 
1615310632429086000 3111 
1615310632435888000 3181 
1615310632443361000 3020 
1615310632450019000 3025 
1615310632457443000 3739 
1615310632464327000 2987 
1615310632471191000 3269 
1615310632478577000 2950 
1615310632484951000 2947 
1615310632492610000 3063 
1615310632499532000 2944 
1615310632506810000 3312 
1615310632514193000 3015 
1615310632522736000 4171 
1615310632530207000 3044 
1615310632537384000 3199 
1615310632544865000 2972 
1615310632552317000 3036 
1615310632560037000 3147 
1615310632567433000 3040 
1615310632574788000 3149 
1615310632583179000 2981 
1615310632590166000 3339 
1615310632597033000 2986 
1615310632603887000 3266 
1615310632611627000 3076 
1615310632618754000 3042 
1615310632627591000 3254 
1615310632634295000 3085 
1615310632641628000 3278 
1615310632648277000 2987 
1615310632655476000 3598 
1615310632662658000 2960 
1615310632669630000 3346 
1615310632679970000 3154 
1615310632688628000 4097 
1615310632697393000 3434 
1615310632705936000 4088 
1615310632716840000 4731 
1615310632726170000 4039 
1615310632734945000 4147 
1615310632742346000 3058 
1615310632749239000 2989 
1615310632756156000 3328 
1615310632763264000 3085 
1615310632770313000 3089 
1615310632779391000 3171 
1615310632786753000 3305 
1615310632794515000 3077 
1615310632801155000 3009 
1615310632808333000 3126 
1615310632815592000 3066 
1615310632824610000 4251 
1615310632833100000 3037 
1615310632840136000 3297 
1615310632846972000 2980 
1615310632853512000 3072 
1615310632861161000 2997 
1615310632867789000 3013 
1615310632875010000 3148 
1615310632881987000 2953 
1615310632888966000 3416 
1615310632896404000 3018 
1615310632904412000 3258 
1615310632911857000 2999 
1615310632919102000 3177 
1615310632927796000 3189 
1615310632935266000 3126 
1615310632942890000 3075 
1615310632949568000 3073 
1615310632957471000 3315 
1615310632965496000 2977 
1615310632972378000 3234 
1615310632979506000 3043 
1615310632986001000 3030 
1615310632993272000 3023 
1615310632999845000 2953 
1615310633007047000 3276 
1615310633014113000 3076 
1615310633022424000 4168 
1615310633029973000 3000 
1615310633037819000 3209 
1615310633045304000 3092 
1615310633051839000 2991 
1615310633059117000 3217 
1615310633065807000 3008 
1615310633073167000 3435 
1615310633080020000 3035 
1615310633086761000 3154 
1615310633094177000 3004 
1615310633100854000 3071 
1615310633108011000 3121 
1615310633115182000 3114 
1615310633123145000 3761 
1615310633131989000 3018 
1615310633139548000 3344 
1615310633147764000 3067 
1615310633154794000 3346 
1615310633162157000 2990 
1615310633168948000 3177 
1615310633176190000 3051 
1615310633182765000 2970 
1615310633190067000 3564 
1615310633197926000 3000 
1615310633205612000 3265 
1615310633213209000 3082 
1615310633220694000 3440 
1615310633229595000 3242 
1615310633237161000 3542 
1615310633244584000 3186 
1615310633251228000 3088 
1615310633258726000 3288 
1615310633265392000 2990 
1615310633272863000 3322 
1615310633279931000 3031 
1615310633286998000 3483 
1615310633294300000 3051 
1615310633300872000 2956 
1615310633307980000 3160 
1615310633315169000 3133 
1615310633323505000 4007 
1615310633332384000 2955 
1615310633339912000 3466 
1615310633346837000 2973 
1615310633353500000 3189 
1615310633360967000 3141 
1615310633367623000 3000 
1615310633375088000 3251 
1615310633381936000 2969 
1615310633389042000 3580 
1615310633396269000 2962 
1615310633402831000 3011 
1615310633410757000 3136 
1615310633417909000 3089 
1615310633426207000 3106 
1615310633433187000 3089 
1615310633440788000 3210 
1615310633447636000 2975 
1615310633454336000 3182 
1615310633461626000 3027 
1615310633468331000 3102 
1615310633475767000 3087 
1615310633482365000 3032 
1615310633489056000 3277 
1615310633496560000 3044 
1615310633503477000 3129 
1615310633512247000 3113 
1615310633520028000 3205 
1615310633528082000 3113 
1615310633534940000 3233 
1615310633542384000 3168 
1615310633548956000 3014 
1615310633555645000 3204 
1615310633562587000 3039 
1615310633570751000 3155 
1615310633578234000 3037 
1615310633584727000 3030 
1615310633591901000 3175 
1615310633598499000 2974 
1615310633605247000 3323 
1615310633612307000 2979 
1615310633619322000 3223 
1615310633627969000 3730 
1615310633634637000 3033 
1615310633642375000 3082 
1615310633648964000 2989 
1615310633656821000 3268 
1615310633663889000 2980 
1615310633670791000 3269 
1615310633678145000 2960 
1615310633684660000 3052 
1615310633691806000 3182 
1615310633699830000 3026 
1615310633707041000 3185 
1615310633713937000 3057 
1615310633721374000 3290 
1615310633729848000 3067 
1615310633737659000 3246 
1615310633745406000 2986 
1615310633751984000 2994 
1615310633759189000 3002 
1615310633767319000 3052 
1615310633774577000 3171 
1615310633782133000 3114 
1615310633790076000 3263 
1615310633797548000 2964 
1615310633804224000 3142 
1615310633811624000 3218 
1615310633818252000 3042 
1615310633826708000 3675 
1615310633834332000 3037 
1615310633843010000 3206 
1615310633849720000 2967 
1615310633856520000 3365 
1615310633863697000 3225 
1615310633870514000 3149 
1615310633879699000 2944 
1615310633889870000 3339 
1615310633896799000 3010 
1615310633903505000 3134 
1615310633911067000 3039 
1615310633917987000 3251 
1615310633927356000 3569 
1615310633934070000 3014 
1615310633941545000 3125 
1615310633948236000 3004 
1615310633955091000 3232 
1615310633962348000 3005 
1615310633968922000 3074 
1615310633976173000 3063 
1615310633982714000 3013 
1615310633989463000 3272 
1615310633996342000 2933 
1615310634002857000 3093 
1615310634010233000 3014 
1615310634016986000 3002 
1615310634025371000 3899 
1615310634032329000 3017 
1615310634039371000 3387 
1615310634046335000 3055 
1615310634052941000 2998 
1615310634060246000 3136 
1615310634068029000 2981 
1615310634075590000 3245 
1615310634082151000 2937 
1615310634088896000 3240 
1615310634095895000 3041 
1615310634102371000 2989 
1615310634109572000 3044 
1615310634116104000 3014 
1615310634123876000 3431 
1615310634132292000 3639 
1615310634139677000 3392 
1615310634146977000 3074 
1615310634153999000 3454 
1615310634161567000 3056 
1615310634168325000 3150 
1615310634175672000 3116 
1615310634182563000 2975 
1615310634189808000 3502 
1615310634197178000 2952 
1615310634204315000 3244 
1615310634212805000 3230 
1615310634220200000 3258 
1615310634228929000 3540 
1615310634236000000 3449 
1615310634243318000 2988 
1615310634251379000 2964 
1615310634259133000 3325 
1615310634265953000 3035 
1615310634273330000 3273 
1615310634280746000 3423 
1615310634287811000 3378 
1615310634295445000 2953 
1615310634302281000 3289 
1615310634309815000 3148 
1615310634316753000 3011 
1615310634324663000 3569 
1615310634332442000 3026 
1615310634340178000 3313 
1615310634347134000 3148 
1615310634353681000 3042 
1615310634361406000 3224 
1615310634368174000 3155 
1615310634375534000 3089 
1615310634382553000 3063 
1615310634389775000 3328 
1615310634397040000 3021 
1615310634403923000 3378 
1615310634411104000 3022 
1615310634417759000 3110 
1615310634425409000 3342 
1615310634432285000 3025 
1615310634441932000 3173 
1615310634448622000 3091 
1615310634455603000 3286 
1615310634462950000 3029 
1615310634469942000 3288 
1615310634477409000 2985 
1615310634484308000 3004 
1615310634491595000 3137 
1615310634498409000 2933 
1615310634505183000 3306 
1615310634512048000 2926 
1615310634518840000 3037 
1615310634526868000 3462 
1615310634533502000 2999 
1615310634540825000 3082 
1615310634547454000 2939 
1615310634554048000 3169 
1615310634561082000 2933 
1615310634567756000 3034 
1615310634575073000 3109 
1615310634581609000 2943 
1615310634588244000 3213 
1615310634595274000 2998 
1615310634602893000 2989 
1615310634610258000 3028 
1615310634616795000 2957 
1615310634624770000 3270 
1615310634632160000 3045 
1615310634639399000 3245 
1615310634646339000 2987 
1615310634653141000 3339 
1615310634660513000 2976 
1615310634667019000 2996 
1615310634674413000 3266 
1615310634681502000 3068 
1615310634688226000 3187 
1615310634695470000 2958 
1615310634701840000 3024 
1615310634709170000 3064 
1615310634715764000 3012 
1615310634723165000 3379 
1615310634730768000 2927 
1615310634737805000 3370 
1615310634744929000 3015 
1615310634751289000 2939 
1615310634758875000 3083 
1615310634765939000 3003 
1615310634772991000 3438 
1615310634781770000 3115 
1615310634789284000 3333 
1615310634797216000 3233 
1615310634804067000 3233 
1615310634811579000 3048 
1615310634818336000 3273 
1615310634826448000 3486 
1615310634837054000 3551 
1615310634845666000 3220 
1615310634852691000 3290 
1615310634860269000 3079 
1615310634867401000 3117 
1615310634875927000 3087 
1615310634883255000 3057 
1615310634891102000 3145 
1615310634898045000 3135 
1615310634904984000 3168 
1615310634912359000 2978 
1615310634918999000 3160 
1615310634927170000 3165 
1615310634935542000 3918 
1615310634943312000 3334 
1615310634950178000 3088 
1615310634958356000 3321 
1615310634965356000 3227 
1615310634973759000 3232 
1615310634980904000 3025 
1615310634988188000 3573 
1615310634996678000 2938 
1615310635003981000 3208 
1615310635012905000 3065 
1615310635021400000 3597 
1615310635029544000 3341 
1615310635038011000 3788 
1615310635046033000 3379 
1615310635052996000 3123 
1615310635062207000 3053 
1615310635069914000 3460 
1615310635078262000 3372 
1615310635085589000 3238 
1615310635094438000 3163 
1615310635101568000 3345 
1615310635108724000 3097 
1615310635115966000 3000 
1615310635125032000 4049 
1615310635133050000 3508 
1615310635141229000 3464 
1615310635148283000 3111 
1615310635155403000 3271 
1615310635162263000 3092 
1615310635169013000 3153 
1615310635179170000 3826 
1615310635187981000 3667 
1615310635196979000 3016 
1615310635206237000 3743 
1615310635216393000 3819 
1615310635227631000 4136 
1615310635238078000 4651 
1615310635250866000 5643 
1615310635263979000 4022 
1615310635274986000 3677 
1615310635299428000 2968 
1615310635308323000 3415 
1615310635316201000 3231 
1615310635325140000 4042 
1615310635333653000 3320 
1615310635341686000 3145 
1615310635348390000 3184 
1615310635355163000 3196 
1615310635362440000 2964 
1615310635369095000 3114 
1615310635376564000 3032 
1615310635383238000 3160 
1615310635390414000 3251 
1615310635397437000 2975 
1615310635404366000 3447 
1615310635411455000 2993 
1615310635418243000 3080 
1615310635426772000 3611 
1615310635434136000 3328 
1615310635444790000 3303 
1615310635452970000 3496 
1615310635460716000 3229 
1615310635467329000 3057 
1615310635474692000 3213 
1615310635481266000 2950 
1615310635488962000 3292 
1615310635496307000 3004 
1615310635504221000 3262 
1615310635511492000 3067 
1615310635518090000 3171 
1615310635525914000 3192 
1615310635533354000 3323 
1615310635541115000 3413 
1615310635547870000 2933 
1615310635554773000 3175 
1615310635562096000 3223 
1615310635568549000 2954 
1615310635576160000 3201 
1615310635582607000 2945 
1615310635589621000 3398 
1615310635596401000 2943 
1615310635602895000 3081 
1615310635611278000 3037 
1615310635618952000 3577 
1615310635626804000 3044 
1615310635634543000 3404 
1615310635641848000 3384 
1615310635648717000 2955 
1615310635655657000 3314 
1615310635662885000 3369 
1615310635669653000 3008 
1615310635677729000 3061 
1615310635685427000 3142 
1615310635692528000 3149 
1615310635699013000 2950 
1615310635705854000 3298 
1615310635712692000 3013 
1615310635719123000 3173 